# mspe_omp
0.529930511487051
0.349385917195947
0.378489408279686
0.407066993208163
0.579968605604176
0.766978510542139
1.21317235864790
37.5457189977539
398.305936131616
582.248504444026


# msie_omp
0.0528682877679681
0.0501676147791409
0.0555892463951769
0.0638810762205242
0.0938120797279182
0.130974540031674
0.201417810383283
4.71954612322384
20.1846545985222
18.2360615868754

# mspe_pinv
32.8456481629954
32.5832428796051
32.7000932709391
32.4358830526712
81.0150922507532
34.5648955737250
70.0086389085088
31.6904856183038
26.9746365533549
21.2625144828275

# msie_pinv
13.6131295792848
13.6018029309811
13.5784717678931
13.6154488374134
16.8916474967051
13.6607831710679
15.0487829406508
13.5802499708332
13.3606092609654
13.4296028132383
